Voltage (1)  Voltage (2)  Voltage (diff)  Resistance  Temp (C)  Average temp (C)
1023	1023	0.00	0.00	965.97	0.00
1021	1023	-2.00	0.00	nan	0.00
1023	1021	2.00	0.00	nan	0.00
1023	1023	0.00	0.00	965.97	0.00
1023	1023	0.00	0.00	965.97	0.00
1023	1023	0.00	0.00	965.97	0.00
1023	1019	4.00	0.00	nan	0.00
1021	1023	-2.00	0.00	nan	0.00
1023	1023	0.00	0.00	965.97	0.00
1020	1019	1.00	0.00	992.79	0.00
1023	1023	0.00	0.00	965.97	0.00
1022	1023	-1.00	0.00	909.93	0.00
1023	1023	0.00	0.00	965.97	0.00
1020	1022	-2.00	0.00	nan	0.00
1023	1023	0.00	0.00	965.97	0.00
1019	1022	-3.00	0.00	nan	0.00
1020	1023	-3.00	0.00	nan	0.00
1023	1023	0.00	0.00	965.97	0.00
1023	1023	0.00	0.00	965.97	0.00
1023	1023	0.00	0.00	965.97	0.00
1020	1022	-2.00	0.00	nan	0.00
1023	1023	0.00	0.00	965.97	0.00
1023	1023	0.00	0.00	965.97	0.00
1023	1023	0.00	0.00	965.97	0.00
1023	1022	1.00	0.00	992.79	0.00
1023	1021	2.00	0.00	nan	0.00
1018	1022	-4.00	0.00	nan	0.00
1021	1023	-2.00	0.00	nan	0.00
1023	1021	2.00	0.00	nan	0.00
1023	1023	0.00	0.00	965.97	0.00
1023	1023	0.00	0.00	965.97	0.00
1014	1017	-3.00	0.00	nan	0.00
1023	1023	0.00	0.00	965.97	0.00
1023	1023	0.00	0.00	965.97	0.00
1019	1019	0.00	0.00	965.97	0.00
1019	1023	-4.00	0.00	nan	0.00
1023	1023	0.00	0.00	965.97	0.00
1023	1023	0.00	0.00	965.97	0.00
1023	1022	1.00	0.00	992.79	0.00
1021	1023	-2.00	0.00	nan	0.00
1023	1023	0.00	0.00	965.97	0.00
1023	1023	0.00	0.00	965.97	0.00
1021	1023	-2.00	0.00	nan	0.00
1023	1023	0.00	0.00	965.97	0.00
1023	1023	0.00	0.00	965.97	0.00
1023	1022	1.00	0.00	992.79	0.00
1023	1023	0.00	0.00	965.97	0.00
1016	1021	-5.00	0.00	nan	0.00
1022	1020	2.00	0.00	nan	0.00
1017	1019	-2.00	0.00	nan	0.00
1023	1018	5.00	0.00	nan	0.00
1023	1023	0.00	0.00	965.97	0.00
1021	1018	3.00	0.00	nan	0.00
1023	1023	0.00	0.00	965.97	0.00
1023	1023	0.00	0.00	965.97	0.00
1018	1018	0.00	0.00	965.97	0.00
Voltage (1)  Voltage (2)  Voltage (diff)  Resistance  Temp (C)  Average temp (C)
1023	1023	0.00	0.00	965.97	0.00
1023	1023	0.00	0.00	965.97	0.00
1023	1023	0.00	0.00	965.97	0.00
1023	1022	1.00	0.00	992.79	0.00
1023	1023	0.00	0.00	965.97	0.00
1023	1023	0.00	0.00	965.97	0.00
1023	1023	0.00	0.00	965.97	0.00
1017	1019	-2.00	0.00	nan	0.00
1023	1023	0.00	0.00	965.97	0.00
1023	1018	5.00	0.00	nan	0.00
1020	1023	-3.00	0.00	nan	0.00
1023	1022	1.00	0.00	992.79	0.00
1023	1022	1.00	0.00	992.79	0.00
1022	1023	-1.00	0.00	909.93	0.00
1023	1023	0.00	0.00	965.97	0.00
1023	1022	1.00	0.00	992.79	0.00
1023	1023	0.00	0.00	965.97	0.00
1019	1023	-4.00	0.00	nan	0.00
1023	1017	6.00	0.00	nan	0.00
1023	1023	0.00	0.00	965.97	0.00
1018	1023	-5.00	0.00	nan	0.00
1016	1023	-7.00	0.00	nan	0.00
1014	1016	-2.00	0.00	nan	0.00
1021	1023	-2.00	0.00	nan	0.00
1023	1023	0.00	0.00	965.97	0.00
1023	1023	0.00	0.00	965.97	0.00
1023	1023	0.00	0.00	965.97	0.00
1021	1023	-2.00	0.00	nan	0.00
1023	1021	2.00	0.00	nan	0.00
1023	1023	0.00	0.00	965.97	0.00
1015	1016	-1.00	0.00	909.93	0.00
1023	1023	0.00	0.00	965.97	0.00
1023	1023	0.00	0.00	965.97	0.00
1023	1023	0.00	0.00	965.97	0.00
1023	1023	0.00	0.00	965.97	0.00
1023	1023	0.00	0.00	965.97	0.00
1023	1023	0.00	0.00	965.97	0.00
1023	1023	0.00	0.00	965.97	0.00
1023	1022	1.00	0.00	992.79	0.00
1020	1017	3.00	0.00	nan	0.00
1023	1023	0.00	0.00	965.97	0.00
1015	1023	-8.00	0.00	nan	0.00
1018	1023	-5.00	0.00	nan	0.00
1023	1023	0.00	0.00	965.97	0.00
1013	1023	-10.00	0.00	nan	0.00
1020	1017	3.00	0.00	nan	0.00
1023	1023	0.00	0.00	965.97	0.00
1023	1023	0.00	0.00	965.97	0.00
1021	1023	-2.00	0.00	nan	0.00
1023	1023	0.00	0.00	965.97	0.00
1023	1023	0.00	0.00	965.97	0.00
1023	1023	0.00	0.00	965.97	0.00
1023	1014	9.00	0.00	nan	0.00
1023	1022	1.00	0.00	992.79	0.00
1023	1023	0.00	0.00	965.97	0.00
1023	1023	0.00	0.00	965.97	0.00
1020	1023	-3.00	0.00	nan	0.00
1023	1023	0.00	0.00	965.97	0.00
1023	1023	0.00	0.00	965.97	0.00
1023	1023	0.00	0.00	965.97	0.00
1023	1023	0.00	0.00	965.97	0.00
1023	1023	0.00	0.00	965.97	0.00
1014	1021	-7.00	0.00	nan	0.00
1023	1022	1.00	0.00	992.79	0.00
1023	1023	0.00	0.00	965.97	0.00
1023	1023	0.00	0.00	965.97	0.00
1018	1023	-5.00	0.00	nan	0.00
1023	1023	0.00	0.00	965.97	0.00
1023	1023	0.00	0.00	965.97	0.00
1016	1023	-7.00	0.00	nan	0.00
1015	1018	-3.00	0.00	nan	0.00
1020	1023	-3.00	0.00	nan	0.00
1023	1023	0.00	0.00	965.97	0.00
1017	1015	2.00	0.00	nan	0.00
1023	1023	0.00	0.00	965.97	0.00
1023	1023	0.00	0.00	965.97	0.00
1023	1023	0.00	0.00	965.97	0.00
1023	1023	0.00	0.00	965.97	0.00
1023	1022	1.00	0.00	992.79	0.00
1023	1023	0.00	0.00	965.97	0.00
1023	1023	0.00	0.00	965.97	0.00
1023	1017	6.00	0.00	nan	0.00
1023	1023	0.00	0.00	965.97	0.00
1019	1023	-4.00	0.00	nan	0.00
1023	1019	4.00	0.00	nan	0.00
1023	1019	4.00	0.00	nan	0.00
1023	1022	1.00	0.00	992.79	0.00
1023	1023	0.00	0.00	965.97	0.00
1023	1022	1.00	0.00	992.79	0.00
1023	1023	0.00	0.00	965.97	0.00
1023	1023	0.00	0.00	965.97	0.00
1017	1023	-6.00	0.00	nan	0.00
1023	1023	0.00	0.00	965.97	0.00
1023	1023	0.00	0.00	965.97	0.00
1023	1023	0.00	0.00	965.97	0.00
1019	1023	-4.00	0.00	nan	0.00
1023	1023	0.00	0.00	965.97	0.00
1019	1023	-4.00	0.00	nan	0.00
1022	1023	-1.00	0.00	909.93	0.00
1021	1023	-2.00	0.00	nan	0.00
1023	1023	0.00	0.00	965.97	0.00
1021	1022	-1.00	0.00	909.93	0.00
1023	1023	0.00	0.00	965.97	0.00
1023	1023	0.00	0.00	965.97	0.00
1023	1020	3.00	0.00	nan	0.00
1023	1022	1.00	0.00	992.79	0.00
1023	1023	0.00	0.00	965.97	0.00
1023	1023	0.00	0.00	965.97	0.00
1023	1015	8.00	0.00	nan	0.00
1023	1023	0.00	0.00	965.97	0.00
1023	1023	0.00	0.00	965.97	0.00
1022	1023	-1.00	0.00	909.93	0.00
1023	1023	0.00	0.00	965.97	0.00
1023	1023	0.00	0.00	965.97	0.00
1023	1023	0.00	0.00	965.97	0.00
1023	1023	0.00	0.00	965.97	0.00
1023	1023	0.00	0.00	965.97	0.00
1023	1023	0.00	0.00	965.97	0.00
1023	1021	2.00	0.00	nan	0.00
1023	1023	0.00	0.00	965.97	0.00
1022	1023	-1.00	0.00	909.93	0.00
1023	1023	0.00	0.00	965.97	0.00
1017	1023	-6.00	0.00	nan	0.00
1016	1023	-7.00	0.00	nan	0.00
1023	1023	0.00	0.00	965.97	0.00
1023	1023	0.00	0.00	965.97	0.00
1023	1022	1.00	0.00	992.79	0.00
1021	1023	-2.00	0.00	nan	0.00
1023	1023	0.00	0.00	965.97	0.00
1023	1023	0.00	0.00	965.97	0.00
1022	1023	-1.00	0.00	909.93	0.00
1016	1021	-5.00	0.00	nan	0.00
1023	1023	0.00	0.00	965.97	0.00
1018	1023	-5.00	0.00	nan	0.00
1021	1023	-2.00	0.00	nan	0.00
1023	1023	0.00	0.00	965.97	0.00
1012	1015	-3.00	0.00	nan	0.00
1004	1013	-9.00	0.00	nan	0.00
1023	1023	0.00	0.00	965.97	0.00
1023	1023	0.00	0.00	965.97	0.00
1011	1013	-2.00	0.00	nan	0.00
1023	1023	0.00	0.00	965.97	0.00
1016	1015	1.00	0.00	992.79	0.00
1021	1019	2.00	0.00	nan	0.00
1019	1018	1.00	0.00	992.79	0.00
1020	1023	-3.00	0.00	nan	0.00
1023	1023	0.00	0.00	965.97	0.00
1023	1021	2.00	0.00	nan	0.00
1019	1021	-2.00	0.00	nan	0.00
1023	1023	0.00	0.00	965.97	0.00
1023	1023	0.00	0.00	965.97	0.00
1023	1023	0.00	0.00	965.97	0.00
1023	1023	0.00	0.00	965.97	0.00
1023	1023	0.00	0.00	965.97	0.00
1022	1020	2.00	0.00	nan	0.00
1023	1023	0.00	0.00	965.97	0.00
1022	1023	-1.00	0.00	909.93	0.00
1013	1023	-10.00	0.00	nan	0.00
1022	1023	-1.00	0.00	909.93	0.00
1015	1019	-4.00	0.00	nan	0.00
1023	1023	0.00	0.00	965.97	0.00
1023	1023	0.00	0.00	965.97	0.00
1020	1023	-3.00	0.00	nan	0.00
1023	1023	0.00	0.00	965.97	0.00
1023	1023	0.00	0.00	965.97	0.00
1023	1023	0.00	0.00	965.97	0.00
1021	1023	-2.00	0.00	nan	0.00
1021	1016	5.00	0.00	nan	0.00
1022	1023	-1.00	0.00	909.93	0.00
1023	1019	4.00	0.00	nan	0.00
1023	1023	0.00	0.00	965.97	0.00
1023	1023	0.00	0.00	965.97	0.00
1020	1023	-3.00	0.00	nan	0.00
1021	1023	-2.00	0.00	nan	0.00
1023	1023	0.00	0.00	965.97	0.00
1023	1022	1.00	0.00	992.79	0.00
1023	1023	0.00	0.00	965.97	0.00
1023	1023	0.00	0.00	965.97	0.00
1018	1023	-5.00	0.00	nan	0.00
1017	1018	-1.00	0.00	909.93	0.00
1015	1023	-8.00	0.00	nan	0.00
1020	1023	-3.00	0.00	nan	0.00
1020	1023	-3.00	0.00	nan	0.00
1020	1023	-3.00	0.00	nan	0.00
1023	1023	0.00	0.00	965.97	0.00
1023	1021	2.00	0.00	nan	0.00
1023	1023	0.00	0.00	965.97	0.00
1022	1023	-1.00	0.00	909.93	0.00
1018	1023	-5.00	0.00	nan	0.00
1023	1023	0.00	0.00	965.97	0.00
1023	1023	0.00	0.00	965.97	0.00
1023	1016	7.00	0.00	nan	0.00
1018	1023	-5.00	0.00	nan	0.00
1023	1023	0.00	0.00	965.97	0.00
1023	1021	2.00	0.00	nan	0.00
1023	1023	0.00	0.00	965.97	0.00
1014	1021	-7.00	0.00	nan	0.00
1022	1021	1.00	0.00	992.79	0.00
1023	1018	5.00	0.00	nan	0.00
1022	1023	-1.00	0.00	909.93	0.00
1023	1021	2.00	0.00	nan	0.00
1023	1023	0.00	0.00	965.97	0.00
1023	1023	0.00	0.00	965.97	0.00
1023	1019	4.00	0.00	nan	0.00
1020	1019	1.00	0.00	992.79	0.00
1022	1020	2.00	0.00	nan	0.00
1020	1023	-3.00	0.00	nan	0.00
1023	1023	0.00	0.00	965.97	0.00
1023	1023	0.00	0.00	965.97	0.00
1022	1018	4.00	0.00	nan	0.00
1021	1023	-2.00	0.00	nan	0.00
1023	1023	0.00	0.00	965.97	0.00
1015	1023	-8.00	0.00	nan	0.00
1023	1023	0.00	0.00	965.97	0.00
1023	1023	0.00	0.00	965.97	0.00
1023	1023	0.00	0.00	965.97	0.00
1023	1023	0.00	0.00	965.97	0.00
1023	1023	0.00	0.00	965.97	0.00
1023	1023	0.00	0.00	965.97	0.00
1023	1023	0.00	0.00	965.97	0.00
1023	1023	0.00	0.00	965.97	0.00
1023	1022	1.00	0.00	992.79	0.00
1023	1023	0.00	0.00	965.97	0.00
1023	1023	0.00	0.00	965.97	0.00
1023	1021	2.00	0.00	nan	0.00
1022	1023	-1.00	0.00	909.93	0.00
